import numpy as np

pic = np.array( [ (0,0,0,0,0,0,0,0,0,0), 
                  (0,1,1,1,1,0,0,0,1,1),
                  (0,0,1,1,1,0,1,1,1,1),
                  (0,0,1,1,0,0,1,1,1,1),
                  (0,1,1,1,0,0,1,1,1,0),
                  (0,0,0,0,0,0,0,0,1,0),
                  (0,0,0,1,1,1,0,0,1,0),
                  (0,0,0,1,1,1,1,0,0,0),
                  (0,0,0,1,1,1,1,0,0,0),
                  (0,0,0,0,0,0,1,0,0,0) ], dtype = int )

# ()
# print(np.array)
one=np.zeros( (10,10) )
two=np.zeros( (10,10) )
three=np.zeros( (10,10) )



